n= 10, m= 3, alpha= 0.23, beta= 0.55
C= 20
ri= [2, 0, 3, 2, 0, 5, 3, 2, 1, 5]
di= [19, 17, 20, 20, 19, 14, 16, 18, 14, 15]
pi= [9, 5, 1, 9, 9, 9, 9, 8, 3, 2]
Probleme de decision : Non
-----------------------------------------------------------------------------
n= 10, m= 3, alpha= 0.99, beta= 0.71
C= 17
ri= [9, 0, 11, 3, 10, 0, 4, 3, 4, 3]
di= [15, 17, 16, 17, 14, 16, 17, 16, 16, 15]
pi= [2, 8, 5, 5, 2, 7, 8, 3, 2, 1]
Probleme de decision : Oui
-----------------------------------------------------------------------------
n= 10, m= 3, alpha= 0.66, beta= 0.1
C= 12
ri= [0, 1, 1, 1, 1, 0, 1, 0, 0, 0]
di= [12, 10, 11, 12, 10, 12, 9, 10, 11, 12]
pi= [2, 9, 4, 7, 3, 4, 4, 3, 3, 6]
Probleme de decision : Non
-----------------------------------------------------------------------------
n= 10, m= 3, alpha= 0.7, beta= 0.3
C= 22
ri= [6, 3, 3, 2, 0, 0, 3, 4, 4, 3]
di= [19, 10, 9, 18, 20, 13, 18, 22, 21, 14]
pi= [8, 2, 6, 1, 8, 1, 9, 5, 6, 1]
Probleme de decision : Oui
-----------------------------------------------------------------------------
n= 10, m= 3, alpha= 0.64, beta= 0.11
C= 18
ri= [4, 4, 0, 1, 12, 10, 11, 2, 12, 8]
di= [17, 18, 17, 17, 18, 18, 18, 17, 17, 18]
pi= [8, 1, 7, 1, 1, 2, 1, 6, 5, 8]
Probleme de decision : Oui
-----------------------------------------------------------------------------
n= 10, m= 3, alpha= 0.19, beta= 0.11
C= 17
ri= [3, 1, 2, 7, 1, 5, 8, 2, 5, 5]
di= [17, 17, 17, 17, 17, 17, 17, 17, 17, 17]
pi= [9, 9, 7, 1, 2, 5, 9, 1, 7, 5]
Probleme de decision : Non
-----------------------------------------------------------------------------
n= 10, m= 3, alpha= 0.77, beta= 0.74
C= 16
ri= [0, 2, 2, 6, 8, 7, 8, 10, 8, 3]
di= [14, 15, 13, 16, 16, 13, 13, 16, 15, 13]
pi= [9, 2, 6, 5, 7, 4, 5, 4, 3, 4]
Probleme de decision : Non
-----------------------------------------------------------------------------
n= 10, m= 3, alpha= 0.79, beta= 0.32
C= 18
ri= [0, 10, 10, 10, 8, 11, 0, 6, 8, 4]
di= [16, 16, 18, 16, 17, 16, 18, 16, 16, 17]
pi= [3, 3, 8, 1, 5, 5, 2, 6, 5, 9]
Probleme de decision : Non
-----------------------------------------------------------------------------
n= 10, m= 3, alpha= 0.68, beta= 0.5
C= 24
ri= [5, 4, 6, 2, 3, 5, 0, 3, 6, 0]
di= [11, 19, 15, 23, 24, 15, 14, 24, 23, 12]
pi= [6, 2, 2, 5, 4, 4, 8, 7, 1, 7]
Probleme de decision : Oui
-----------------------------------------------------------------------------
